average_flow_time,average_tardiness,episode_length,episode_return,episodes,jobs_completed,makespan,penalty_count,steps,steps_per_second,total_major_setups,total_minor_setups,total_tardiness
0,-104345.25644914604,1281,7631.5835,1,129,131878.00029407255,121,1281,102.16760900375036,144,49,-12625776.030346671
0,-109548.15651600268,1281,6654.301,2,135,140454.0003118408,128,2562,110.21804516198395,146,54,-14022164.034048343
0,-121243.73345447092,1281,2650.5225,3,138,149839.00020147208,135,3843,104.34311959142438,145,60,-16367904.016353574
0,-59742.94853346532,1281,3420.689,4,82,61811.99979851837,78,5124,14.828436157258798,143,25,-4659949.985610295
0,-72840.57151620383,1281,2459.8625,5,66,90781.00011365721,63,6405,12.883502333408945,140,20,-4588956.005520841
0,-124885.30266542044,1281,2679.4968,6,155,157594.00015259278,152,7686,14.149414450600872,152,65,-18982566.005143907
0,-61963.57247050203,1281,2676.1316,7,155,69189.00023950497,152,8967,13.703334881636522,147,75,-9418463.015516309
0,-41046.86281976999,1281,53651.68,8,156,45937.00010744622,102,10248,13.974335433695757,153,66,-4186780.007616539
0,-100903.76728878554,1281,11692.404,9,158,130283.00022822106,146,11529,13.968740179393565,152,70,-14731950.02416269
0,-61609.33806481751,1281,9679.358,10,158,77706.00028220448,148,12810,14.258890805123407,148,65,-9118182.033592992
0,-73463.48131540118,1281,24709.69,11,158,97527.00013343478,133,14091,13.176087324407304,150,73,-9770643.014948357
0,-48513.54757247591,1281,62718.69,12,158,64003.00021060626,95,15372,14.224451665131454,148,62,-4608787.019385211
0,-77724.74097766755,1281,22692.861,13,158,102413.00031872583,135,16653,14.049658105635721,151,69,-10492840.031985119
0,-66977.27070461077,1281,24705.795,14,158,83715.00001194538,133,17934,13.184273774694805,148,73,-8907977.003713232
0,-52688.274975534114,1281,37728.39,15,158,64437.00005286373,120,19215,12.840010047076223,147,60,-6322592.997064094
0,-41431.35786922045,1281,48753.94,16,158,45770.00014359946,109,20496,13.062223246159883,149,51,-4516018.0077450285
0,-38234.000042995984,1281,70776.945,17,158,44176.000162661076,87,21777,14.17156168845959,151,63,-3326358.0037406506
0,-42831.95424848332,1281,70770.79,18,158,53263.00027195248,87,23058,15.222428220569396,150,64,-3726380.0196180493
0,-48769.897453412224,1281,40737.94,19,158,59640.000090715475,117,24339,14.461714826034058,148,59,-5706078.00204923
0,-46057.82025290371,1281,68773.66,20,158,53502.000049400376,89,25620,14.173593372788723,152,61,-4099146.00250843
0,-40924.591064552784,1281,69788.78,21,158,43724.00018328219,88,26901,14.107804278275243,150,59,-3601364.0136806453
0,-53342.153798297826,1281,53749.74,22,158,56972.99993447494,104,28182,14.457628720925854,151,65,-5547583.995022974
0,-52178.37486713747,1281,53737.05,23,158,63919.99988212832,104,29463,11.838383215392376,151,60,-5426550.986182297
0,-32696.499911195926,1281,69784.23,24,158,31924.99992220546,88,30744,14.722465343795172,150,58,-2877291.9921852415
0,-33979.2143994558,1281,73809.766,25,158,30769.000160585856,84,32025,15.372413786296004,152,61,-2854254.0095542874
0,-44974.075206359834,1281,65770.88,26,159,49383.99989885045,93,33306,13.139737261572211,150,54,-4182588.9941914645
0,-36315.47885028773,1281,87823.91,27,159,37709.000047248555,71,34587,14.185157909426241,153,59,-2578398.9983704286
0,-37946.40576335457,1281,89809.56,28,159,41528.9999582991,69,35868,15.287081598314648,151,59,-2618301.997671465
0,-23120.355954121274,1281,99873.01,29,159,19189.000035859644,59,37149,14.974724351423081,154,68,-1364101.0012931551
0,-28243.333416918613,1281,86840.21,30,159,30189.00005951873,72,38430,13.321986416923306,153,70,-2033520.0060181401
0,-30028.676442044518,1281,90834.445,31,159,33240.99996652687,68,39711,13.90247602865242,151,66,-2041949.9980590271
0,-35318.35615186075,1281,85825.445,32,159,34296.99997747084,73,40992,13.370419068193744,152,66,-2578239.999085835
0,-37405.62127370434,1281,92802.734,33,159,45168.00009445171,66,42273,13.967184693807502,152,65,-2468771.0040644864
0,-29161.781074209157,1281,94856.35,34,159,29048.999821875477,64,43554,14.244531117215264,147,66,-1866353.988749386
0,-22280.340952068193,1281,114932.25,35,159,20807.000127712963,44,44835,13.26432828410718,152,62,-980335.0018910004
0,-21013.755148508233,1281,109853.91,36,159,18653.000078189652,49,46116,12.77121895769953,152,66,-1029674.0022769035
0,-35935.12370156769,1281,69800.63,37,159,33440.00011018361,89,47397,13.311367020926754,151,62,-3198226.0094395243
0,-55169.24758992004,1281,61761.43,38,159,63638.00031866296,97,48678,13.519354942515527,153,73,-5351417.016222244
0,-43504.44092384927,1281,65781.9,39,159,45454.00011796155,93,49959,13.828712430071123,151,54,-4045913.005917982
0,-23395.271152681573,1281,99880.93,40,159,22130.999982071808,59,51240,13.72641652401058,150,70,-1380320.9980082128
0,-25401.389916039967,1281,99854.54,41,159,24966.000197371468,59,52521,14.805041934567747,149,64,-1498682.005046358
0,-27834.03701973038,1281,104868.305,42,159,28753.999945723917,54,53802,14.721176626355946,148,61,-1503037.9990654404
0,-21895.860026868737,1281,108911.36,43,159,22162.000073920935,50,55083,13.255597729465016,151,59,-1094793.0013434368
0,-29750.557427745727,1281,97842.74,44,159,27579.0000591008,61,56364,14.021505858768277,149,64,-1814784.0030924894
9616.837515650026,-22245.980023146374,1165,110217.72,45,160,21631.000022389926,50,57529,13.389914540676966,150,64,-1112299.0011573187
9990.950020506796,-21409.634631234534,1132,108262.69,46,160,18221.9999967271,52,58661,14.094426234078755,153,69,-1113301.0008241958
9532.825014506954,-22008.44001132599,1173,110203.81,47,160,23187.99997865688,50,59834,13.553735611979153,150,70,-1100422.0005662995
11059.650028050528,-27089.87276308499,1176,105164.56,48,160,31659.00002434966,55,61010,13.640256263515965,149,67,-1489943.0019696744
12095.987508605802,-31295.59676936024,1162,98161.33,49,160,33953.99996867287,62,62172,13.242306030424224,148,72,-1940326.9997003349
11048.412497820427,-26466.218180043434,1126,105191.914,50,160,27705.00002818182,55,63298,13.592045877610582,149,65,-1455641.9999023888
12271.26879029825,-29890.237353740406,1176,101150.01,51,160,36609.00016869884,59,64474,13.895462225712286,153,72,-1763524.003870684
11784.50002524902,-29252.964333095773,1155,104172.664,52,160,33238.000157229835,56,65629,15.714158127785398,153,67,-1638166.0026533634
10358.125018253115,-23115.956552850497,1151,114211.2,53,160,27246.000095427735,46,66780,16.45097663938603,151,64,-1063334.001431123
10274.556272043788,-23138.354187033157,1157,112215.695,54,160,24018.99998591165,48,67937,16.02996942912451,152,68,-1110641.0009775916
10225.43127792111,-23662.063845688986,1164,113199.984,55,160,26335.999992201105,47,69101,13.289021557450933,151,80,-1112117.0007473824
11221.493802369572,-26059.16401128006,1157,99186.85,56,160,27530.000088391826,61,70258,12.952235271800262,146,78,-1589609.0046880837
9783.512521049714,-22575.33336742158,1091,112228.57,57,160,22914.000084141735,48,71349,14.535531098967862,153,68,-1083616.0016362357
9350.88752829199,-20375.71741328734,1103,114261.41,58,160,17562.999950936064,46,72452,16.02503402791341,153,69,-937283.0010112177
10091.343769752828,-22663.191542533335,1149,113232.87,59,160,22365.000172931468,47,73601,16.140964520884385,151,66,-1065170.0024990668
10951.300032748557,-24008.666687323042,1146,106217.92,60,160,22691.000039193314,54,74747,16.257080387799363,153,57,-1296468.0011154443
9358.968767876577,-21691.270834721534,1173,112209.61,61,160,23087.99983929959,48,75920,16.7402404195533,148,68,-1041181.0000666336
10530.38128092383,-23869.636430016762,1156,105192.64,62,160,26441.000137366354,55,77076,16.877495713971754,150,67,-1312830.0036509219
11972.887490202724,-27814.82534747122,1151,97182.37,63,160,27406.999895387562,63,78227,16.39691732470349,152,68,-1752333.9968906867
10834.587529574746,-24105.714300087544,1168,104190.07,64,160,23587.9999829398,56,79395,17.051417390454773,149,64,-1349920.0008049025
9690.762501905083,-22748.764690631433,1167,109243.05,65,160,19886.99996098876,51,80562,16.07008288950469,150,76,-1160186.9992222032
11208.037501910781,-26798.740727393695,1165,106182.836,66,160,30124.999945022864,54,81727,16.277647969748937,153,68,-1447131.9992792595
10494.606316746766,-25422.55781767368,1151,108198.53,67,160,26213.000212735496,52,82878,16.642239772209262,150,75,-1321973.0065190315
10524.662509864975,-24892.403845340552,1162,108184.77,68,160,29431.000034655444,52,84040,16.96961415563042,151,66,-1294404.9999577086
9863.950015082723,-22188.380038585117,1154,110193.27,69,160,24691.000097844517,50,85194,14.471766312018367,150,65,-1109419.001929256
11264.400044151604,-26520.06673112595,1154,100174.97,70,160,29335.000127847306,60,86348,14.078466495433611,150,75,-1591204.003867557
11073.881268335477,-27139.116675176618,1134,100164.93,71,160,33491.99999744422,60,87482,13.883489775568565,152,69,-1628347.0005105971
10302.425026745681,-26040.125041787178,1158,112191.69,72,160,29923.0000637169,48,88640,14.047726406580367,153,75,-1249926.0020057845
10918.712507086268,-26619.645854446426,1164,112172.25,73,160,34290.00005854061,48,89804,14.368201344271226,151,70,-1277743.0010134284
11478.125031425945,-29411.48004530205,1157,110184.24,74,160,32535.00007506227,50,90961,13.977682609828122,147,75,-1470574.0022651025
10004.33129110049,-24787.63048221157,1163,114217.77,75,160,26383.000061352504,46,92124,14.56370604335834,149,72,-1140231.0021817323
10568.35627154744,-27454.912317109116,1148,103197.19,76,160,27660.00008488074,57,93272,14.084611210655078,146,64,-1564930.0020752195
9912.587550316042,-21531.000073023675,1140,110247.53,77,160,19863.000116298208,50,94412,14.005922949204475,150,64,-1076550.0036511838
11161.956300436177,-25763.226461974413,1161,107195.17,78,160,28160.000053810654,53,95573,14.155271965330513,151,70,-1365451.0024846438
11340.074984931038,-28336.403458688834,1137,103161.44,79,160,31099.999894456705,57,96710,14.095256065573375,147,76,-1615174.9971452635
9460.193776430882,-24381.800052026432,1160,120232.44,80,160,24968.000116286566,40,97870,13.819513809033868,153,67,-975272.0020810573
10406.537496260084,-23771.296268153732,1139,106205.484,81,160,26477.999937944114,54,99009,13.209104574204986,146,74,-1283649.9984803016
12130.362561017653,-30457.000108932185,1134,100159.2,82,160,33805.00019592466,60,100143,14.074742346504564,154,71,-1827420.006535931
10448.450052160872,-23856.186530435403,1143,101207.11,83,160,23940.00021470245,59,101286,14.35219856505062,154,71,-1407515.0052956888
10779.287537794939,-26784.056662572373,1139,107206.62,84,160,28608.00007189042,53,102425,16.83961999469726,152,75,-1419555.0031163357
11844.787602407785,-29493.28320799198,1162,107182.24,85,160,34802.0002913964,53,103587,16.426412239667556,153,63,-1563144.0100235748
10880.47502946719,-26012.745474945797,1147,105166.41,86,160,30651.000023680972,55,104734,16.69530623670082,150,62,-1430701.0011220188
11058.275073520228,-26424.98161704536,1152,106179.01,87,160,31796.000232445076,54,105886,16.61718020711739,147,74,-1426949.0073204495
13047.918774265076,-31655.278714604287,1107,99165.69,88,160,32834.999994005775,61,106993,16.89917184278951,151,67,-1930972.0015908615
12250.950017711053,-29376.866694949353,1175,100145.02,89,160,34789.00004777475,60,108168,16.95852523652356,146,69,-1762612.0016969612
11656.381281488022,-29645.288514569467,1133,108168.8,90,160,31390.00008943607,52,109301,16.6966325398529,144,65,-1541555.0027576124
11641.212523212896,-28927.53705527008,1170,106164.11,91,160,33289.000018091174,54,110471,17.294615737475585,152,71,-1562087.0009845844
12821.181317874507,-32840.5334457479,1142,100157.63,92,160,35932.00018367381,60,111613,17.418538016798514,149,69,-1970432.006744874
10536.775010798658,-25092.428591594584,1152,111202.375,93,160,26731.000029674033,49,112765,17.166351803489736,148,66,-1229529.0009881346
10433.706317668584,-26061.019367870198,1136,108208.67,94,160,23953.00021761097,52,113901,16.637331368231255,150,74,-1355173.0071292503
10255.481283872512,-24836.274557288703,1154,109212.68,95,160,25024.000010240125,51,115055,16.595428297869578,151,65,-1266650.002421724
9973.012522853758,-23132.188694285436,1141,107222.46,96,160,23979.000004146947,53,116196,16.01911086241964,152,77,-1226006.000797128
9921.037526460277,-24262.1702654311,1133,113223.305,97,160,24514.00010738871,47,117329,16.41363205881735,154,71,-1140322.0024752617
12051.21250968334,-27845.35595343383,1140,101177.555,98,160,30810.000053340336,59,118469,15.498315455511575,154,63,-1642876.001252596
10458.218760177071,-25120.56820052549,1166,116208.11,99,160,28804.0000299213,44,119635,13.984521057397302,153,69,-1105305.0008231215
11195.306285689468,-27742.91940170648,1151,98152.375,100,160,33490.00006757327,62,120786,14.838809545845145,151,63,-1720061.0029058019
